positive/bin_aeldra_5392023-06-2202-01-23-688.jpg 16 926 410 43 28 723 492 27 29 498 500 38 26 643 236 26 31 681 78 25 33 996 135 34 26 904 196 29 23 1087 283 56 27 1298 222 60 29 48 451 74 24 263 461 41 25 152 248 47 28 59 651 71 46 394 232 35 33 283 97 37 27 1119 602 62 36
positive/bin_aeldra_5392023-06-2202-01-24-552.jpg 16 187 152 48 28 210 273 42 25 64 453 77 31 186 621 74 38 804 616 40 38 602 483 24 27 475 324 39 25 386 147 37 31 1004 35 32 48 611 91 26 31 759 264 31 35 1127 495 48 35 914 189 37 29 989 452 35 30 1058 693 43 39 308 28 35 26
positive/bin_aeldra_5392023-06-2202-01-25-558.jpg 13 571 637 32 39 1005 438 45 29 1216 402 66 27 1151 247 49 28 812 367 35 21 540 397 32 24 576 203 35 36 229 223 63 36 841 139 28 30 649 38 29 31 461 21 40 32 50 169 68 37 1002 53 27 33
positive/bin_aeldra_5392023-06-2202-01-26-467.jpg 16 516 0 40 48 279 95 52 36 15 128 53 35 174 381 61 29 409 463 39 31 773 484 28 28 988 346 36 33 733 197 33 34 921 131 30 30 802 0 28 30 1061 60 29 39 1155 226 44 27 263 711 51 20 851 698 39 31 1205 424 55 27 566 293 38 23
positive/bin_aeldra_5392023-06-2202-01-27-424.jpg 16 538 1 41 36 1104 12 49 43 1156 207 62 38 988 108 41 37 711 251 35 33 521 180 38 32 313 149 43 37 219 311 49 32 348 334 45 31 581 501 36 25 860 379 44 36 1148 397 45 31 1254 542 72 36 1043 582 44 32 378 633 65 31 157 684 43 37
positive/bin_aeldra_5392023-06-2202-01-28-515.jpg 15 805 30 37 37 657 11 23 34 1089 22 42 42 1033 160 45 43 829 196 32 31 535 316 38 26 417 191 42 39 225 147 55 37 76 129 61 35 149 287 57 33 93 574 54 32 348 546 46 21 683 580 40 47 798 390 25 32 1198 439 69 40
positive/bin_aeldra_5392023-06-2202-01-29-642.jpg 17 495 1 34 26 594 98 34 42 602 249 33 37 89 405 55 32 15 645 82 43 275 587 40 33 538 541 38 43 750 468 41 33 914 327 48 38 1145 447 60 30 1324 361 35 31 1010 177 52 31 832 147 26 30 894 78 27 25 1160 72 55 45 194 218 54 28 351 316 39 34
positive/bin_aeldra_5392023-06-2202-01-31-381.jpg 5 550 169 51 64 904 20 51 60 1068 294 89 51 804 536 77 59 135 275 78 49
positive/bin_aeldra_5392023-06-2202-01-32-285.jpg 5 398 423 79 46 58 371 105 47 901 626 96 81 692 3 54 70 845 265 55 52
positive/bin_aeldra_5392023-06-2202-01-33-324.jpg 6 85 664 124 62 225 242 94 51 600 160 52 56 908 183 73 61 1261 269 96 67 684 614 53 70
positive/bin_aeldra_5392023-06-2202-01-34-331.jpg 4 412 152 65 65 452 479 68 50 868 266 62 54 1168 265 109 54
positive/bin_aeldra_5392023-06-2202-01-35-467.jpg 5 567 156 43 59 140 239 78 57 791 545 62 63 1068 318 105 62 942 9 61 60
positive/bin_aeldra_5392023-06-2202-01-36-879.jpg 13 417 204 22 22 470 212 27 26 344 233 27 30 553 230 24 32 552 276 39 54 85 354 79 64 880 415 77 96 983 278 35 60 954 228 32 33 1007 194 28 34 776 182 18 20 774 231 31 37 810 212 16 29
positive/bin_aeldra_5392023-06-2202-01-38-454.jpg 13 361 478 104 80 1038 421 117 73 1108 227 55 45 1217 202 49 49 762 267 37 50 578 220 43 41 440 200 30 38 381 172 29 30 657 168 25 29 596 158 18 23 873 163 28 34 318 271 34 45 234 247 34 37
positive/bin_aeldra_5392023-06-2202-01-39-489.jpg 15 511 276 47 52 904 501 93 65 1115 309 55 50 1174 233 45 45 1012 166 25 28 981 180 21 26 891 199 27 35 724 226 32 42 758 164 17 26 844 159 18 30 773 137 18 25 638 143 20 25 519 159 27 32 499 136 19 25 244 167 45 43
positive/bin_aeldra_5392023-06-2202-01-40-666.jpg 14 559 539 88 81 292 353 82 63 243 250 47 45 194 215 42 32 126 199 48 31 410 186 28 26 535 206 26 33 730 256 34 48 842 210 37 40 841 169 19 32 826 152 13 20 731 166 20 27 1178 333 52 43 562 170 16 22
positive/bin_aeldra_5392023-06-2202-01-41-769.jpg 13 863 311 38 62 415 345 58 58 229 282 51 56 225 218 44 38 555 200 24 36 545 175 17 28 760 204 23 40 681 165 16 30 673 131 14 21 904 160 26 36 863 138 22 27 1277 209 75 63 1197 172 42 41
positive/bin_aeldra_5392023-06-2202-01-42-816.jpg 14 634 244 40 47 325 261 65 54 333 157 50 47 364 119 28 32 159 164 43 39 476 116 16 28 780 140 18 36 788 116 26 27 923 143 29 33 884 260 47 56 1068 196 34 48 1170 169 39 40 1261 227 60 53 1256 320 86 62
positive/bin_aeldra_5392023-06-2202-01-43-983.jpg 16 114 213 71 51 305 136 31 40 556 211 36 50 413 374 66 45 886 345 65 52 1294 439 64 55 1258 246 69 49 968 158 24 34 847 187 24 35 812 132 21 26 681 95 20 24 683 118 18 21 559 119 27 26 484 139 39 35 460 102 22 31 652 149 21 32
positive/bin_aeldra_5392023-06-2202-01-45-197.jpg 14 596 85 18 23 631 108 18 30 679 150 22 34 516 119 26 32 282 170 41 32 318 234 38 43 630 228 36 52 200 573 141 80 761 543 93 83 1131 380 99 77 1238 254 81 53 1010 174 37 33 1018 96 28 38 936 209 37 30
positive/bin_aeldra_5392023-06-2202-01-49-146.jpg 10 85 255 65 47 301 254 45 50 361 295 80 79 361 229 29 32 863 237 30 52 1024 309 99 114 1083 198 43 52 1021 209 20 28 780 223 22 31 637 237 23 35
positive/bin_aeldra_5392023-06-2202-01-50-086.jpg 9 713 252 42 62 958 218 24 39 986 216 22 29 1205 225 63 47 1129 295 117 98 434 247 50 52 513 202 34 38 430 208 19 26 159 246 48 50
positive/bin_aeldra_5392023-06-2202-01-51-099.jpg 13 285 207 33 34 329 214 33 45 490 209 22 30 333 283 92 87 637 244 30 48 1120 383 188 131 1237 261 44 54 972 241 26 31 1012 255 37 52 771 235 24 29 702 226 17 21 814 226 25 34 625 220 19 31
positive/bin_aeldra_5392023-06-2202-01-52-219.jpg 9 43 260 58 44 328 252 36 48 354 233 31 32 651 253 36 56 720 226 28 36 681 217 23 23 658 210 17 21 570 215 27 30 1098 214 27 29
positive/bin_aeldra_5392023-06-2202-01-53-403.jpg 9 202 338 129 99 935 266 64 101 748 219 29 43 891 178 27 38 831 183 23 23 650 200 22 32 644 185 13 19 502 216 36 48 56 236 65 51
positive/bin_aeldra_5392023-06-2202-01-54-503.jpg 9 570 250 50 63 118 198 68 59 869 250 49 57 827 203 22 32 696 204 26 32 1126 233 39 43 1226 260 75 69 968 226 31 37 196 200 36 37
positive/bin_aeldra_5392023-06-2202-01-55-670.jpg 13 231 217 48 36 308 255 71 84 849 265 56 68 1073 251 61 48 1077 225 39 39 1058 206 30 35 721 205 17 27 658 220 26 32 585 209 20 23 416 204 20 18 433 207 21 30 415 224 32 33 73 225 63 53
positive/bin_aeldra_5392023-06-2202-01-56-963.jpg 12 96 229 64 46 306 224 44 55 365 193 31 38 354 281 87 80 652 192 20 17 643 205 21 38 883 215 30 50 796 166 24 24 793 190 22 33 1020 303 123 149 1122 165 49 65 1052 167 38 42
positive/bin_aeldra_5392023-06-2202-01-58-962.jpg 6 983 222 127 118 735 176 46 58 627 169 25 36 611 148 20 27 459 192 33 49 888 138 32 45
positive/bin_aeldra_5392023-06-2202-02-00-110.jpg 9 229 233 150 117 655 198 40 69 504 170 33 37 304 172 29 35 334 173 33 50 733 186 27 35 811 197 29 40 1066 209 31 43 1139 223 62 75
positive/bin_aeldra_5392023-06-2202-02-01-218.jpg 8 378 163 35 42 484 148 24 30 530 153 22 30 594 159 28 46 541 199 50 77 916 173 35 56 905 136 25 34 1254 170 78 62
positive/bin_aeldra_5392023-06-2202-02-02-350.jpg 6 818 182 61 94 522 147 58 67 642 104 34 46 336 146 43 46 287 121 39 37 37 202 88 80
positive/bin_aeldra_5392023-06-2202-02-03-490.jpg 12 70 159 62 61 445 199 56 71 377 176 31 40 360 174 22 29 485 174 22 36 588 183 23 37 617 180 24 26 758 183 20 31 824 191 30 43 922 188 25 38 1054 266 134 119 1285 212 68 58
positive/bin_aeldra_5392023-06-2202-02-23-805.jpg 12 329 124 43 35 586 8 34 42 961 8 40 40 1114 172 50 52 965 314 51 40 856 184 43 39 650 187 29 35 411 296 38 25 295 409 40 28 530 591 30 34 1112 643 62 46 663 352 29 25
positive/bin_aeldra_5392023-06-2202-02-26-635.jpg 12 461 20 26 34 365 268 48 35 124 318 66 35 80 600 66 38 375 433 41 39 665 387 29 25 589 563 34 36 882 563 37 32 1023 494 42 36 865 241 27 41 1041 134 46 43 848 110 28 31
positive/bin_aeldra_5392023-06-2202-02-27-846.jpg 12 704 58 26 34 792 152 23 33 974 102 31 37 1192 298 42 27 1094 372 59 37 856 388 45 33 686 365 31 31 504 210 39 29 341 247 42 33 120 136 51 38 825 634 36 52 362 75 43 28
positive/bin_aeldra_5392023-06-2202-02-29-018.jpg 11 425 55 32 36 448 233 38 26 320 310 33 24 468 541 40 32 984 403 48 35 910 248 37 26 701 187 27 38 696 1 24 41 1067 89 40 38 1179 306 56 41 669 355 26 22
positive/bin_aeldra_5392023-06-2202-02-30-433.jpg 12 439 550 46 47 288 359 40 45 452 308 31 31 664 352 30 24 958 325 34 42 661 275 26 30 584 229 16 14 632 222 20 28 449 247 25 27 870 221 24 27 826 272 34 33 1037 273 25 37
positive/bin_aeldra_5392023-06-2202-02-32-367.jpg 13 389 251 25 27 222 252 34 30 303 393 51 41 314 537 77 63 702 550 52 49 964 385 35 53 987 321 30 35 756 261 22 27 689 220 25 27 808 203 20 29 713 176 13 18 550 178 18 22 675 371 28 38
positive/bin_aeldra_5392023-06-2202-02-33-851.jpg 11 546 210 20 23 517 270 24 26 389 295 28 35 395 477 44 39 1022 412 46 44 1206 362 52 41 898 305 36 29 1006 245 25 33 712 269 27 30 672 352 27 27 723 209 19 25
positive/bin_aeldra_5392023-06-2202-02-35-394.jpg 10 733 207 32 53 660 329 52 44 184 239 63 56 423 207 40 39 494 142 23 34 739 149 22 37 687 157 20 23 1039 242 66 59 1159 183 43 45 979 131 24 37
positive/bin_aeldra_5392023-06-2202-02-36-749.jpg 10 64 312 107 62 657 355 55 76 851 220 34 54 946 176 22 37 768 179 22 38 566 192 21 34 381 175 32 43 227 170 46 38 614 136 18 29 811 147 17 27
positive/bin_aeldra_5392023-06-2202-02-38-157.jpg 9 441 190 33 39 581 191 34 34 851 242 35 54 873 181 24 32 918 180 27 39 1286 404 73 63 148 353 105 64 680 325 42 59 676 151 22 32
positive/bin_aeldra_5392023-06-2202-02-40-441.jpg 10 252 186 59 39 226 256 65 76 30 605 215 108 640 352 47 77 1074 311 67 85 1025 223 48 51 1196 185 40 46 655 155 24 31 584 136 30 30 436 201 51 45
positive/bin_aeldra_5392023-06-2202-02-42-275.jpg 6 230 104 62 60 306 151 85 77 696 299 92 116 678 101 32 51 813 119 39 44 1020 97 43 57
positive/bin_aeldra_5392023-06-2202-02-43-478.jpg 8 590 148 50 78 616 276 80 93 925 102 22 40 931 127 62 68 1331 202 28 71 538 119 34 43 463 147 26 31 74 117 82 67
positive/bin_aeldra_5392023-06-2202-02-45-089.jpg 6 5 132 72 67 662 334 101 144 800 139 42 61 854 104 30 41 673 113 29 47 446 93 31 36
positive/bin_aeldra_5392023-06-2202-02-45-978.jpg 7 250 141 53 63 477 133 42 62 668 277 73 114 863 168 52 80 889 126 32 54 823 154 25 29 601 98 31 45
positive/bin_aeldra_5392023-06-2202-02-47-525.jpg 3 336 272 50 63 730 288 34 50 1131 257 78 80
positive/bin_aeldra_5392023-06-2202-02-48-932.jpg 7 257 254 67 63 616 298 89 158 1142 259 83 96 976 256 32 49 1057 250 28 40 573 255 24 30 495 254 23 25
positive/bin_aeldra_5392023-06-2202-02-50-083.jpg 6 115 263 123 93 688 293 85 117 559 247 29 35 680 248 34 48 1064 273 81 95 1193 259 52 69
positive/bin_aeldra_5392023-06-2202-02-51-541.jpg 7 112 223 70 56 347 221 55 59 581 308 118 152 1287 256 72 113 1076 223 51 61 1208 216 42 49 866 211 17 30
